      0.99430902
      0.99416204
      0.99434279
      0.99418048
      0.99438814
      0.99426721
      0.99428629
      0.99452173
      0.99415410
      0.99432049
      0.99456569
      0.99470270
      0.99469831
      0.99455518
      0.99449964
      0.99459881
      0.99464502
      0.99457566
      0.99467879
      0.99461640
      0.99492667
      0.99464030
      0.99484133
      0.99479844
      0.99502348
      0.99486523
      0.99479190
      0.99535251
      0.99514152
      0.99495904
      0.99493085
      0.99523082
      0.99532828
      0.99540751
      0.99520616
      0.99498370
      0.99549027
      0.99504438
      0.99552480
      0.99520059
      0.99541876
      0.99528711
      0.99548556
      0.99521324
      0.99527682
      0.99541083
      0.99536312
      0.99513916
      0.99525891
      0.99539893
      0.99521431
      0.99551150
      0.99544149
      0.99518269
      0.99525248
      0.99531713
      0.99548427
      0.99536248
      0.99536516
      0.99535669
      0.99541533
      0.99525870
      0.99578843
      0.99541576
      0.99531080
      0.99528507
      0.99562418
      0.99515653
      0.99557776
      0.99536248
      0.99543367
      0.99555138
      0.99540965
      0.99549671
      0.99534854
      0.99546647
      0.99551150
      0.99537802
      0.99540933
      0.99556993
      0.99533300
      0.99536537
      0.99567307
      0.99536816
      0.99543217
      0.99539475
      0.99567768
      0.99556414
      0.99553798
      0.99583635
      0.99546497
      0.99559802
      0.99567017
      0.99578553
      0.99560317
      0.99577921
      0.99571424
      0.99592684
      0.99595986
      0.99589628
      0.99598484
      0.99608712
      0.99615927
      0.99586894
      0.99600489
      0.99603694
      0.99633917
      0.99590357
      0.99625340
      0.99631837
      0.99625855
      0.99632952
      0.99600274
      0.99626863
      0.99614255
      0.99634142
      0.99610020
      0.99658565
      0.99622017
      0.99638516
      0.99611199
      0.99626745
      0.99645860
      0.99601475
      0.99640972
      0.99604145
      0.99636823
      0.99622660
      0.99624204
      0.99631548
      0.99621899
      0.99655788
      0.99624032
      0.99681980
      0.99625051
      0.99650385
      0.99655113
      0.99609827
      0.99619615
      0.99609891
      0.99605195
      0.99614490
      0.99595257
      0.99618779
      0.99630208
      0.99589028
      0.99612464
      0.99613890
      0.99603233
      0.99646354
      0.99620023
      0.99636951
      0.99614383
      0.99596436
      0.99595997
      0.99641304
      0.99605871
      0.99631719
      0.99585736
      0.99630422
      0.99614566
      0.99608422
      0.99607339
      0.99612872
      0.99627495
      0.99600875
      0.99623528
      0.99609259
      0.99616302
      0.99609452
      0.99602687
      0.99636094
      0.99585415
      0.99593692
      0.99601464
      0.99614287
      0.99602869
      0.99606975
      0.99587452
      0.99575080
      0.99623228
      0.99557969
      0.99623593
      0.99610599
      0.99600306
      0.99598666
      0.99615509
      0.99583517
      0.99583367
      0.99558505
      0.99584868
      0.99595075
      0.99609730
      0.99588481
      0.99589596
      0.99604477
      0.99590850
      0.99607715
      0.99599191
      0.99621888
      0.99603598
      0.99647608
      0.99615691
      0.99616120
      0.99627388
      0.99618211
      0.99632941
      0.99619444
      0.99607854
      0.99607865
      0.99588781
      0.99626144
      0.99617224
      0.99597240
      0.99595525
      0.99608690
      0.99609076
      0.99579776
      0.99637326
      0.99620333
      0.99603834
      0.99597422
      0.99607125
      0.99584118
      0.99593155
      0.99587580
      0.99578736
      0.99579432
      0.99570898
      0.99575412
      0.99582606
      0.99572925
      0.99592866
      0.99575734
      0.99584139
      0.99602075
      0.99585007
      0.99563479
      0.99579390
      0.99557079
      0.99570952
      0.99576624
      0.99563672
      0.99552137
      0.99574865
      0.99548298
      0.99586905
      0.99553101
      0.99546422
      0.99589939
      0.99518226
      0.99528968
      0.99541909
      0.99566192
      0.99572592
      0.99580226
      0.99584107
      0.99596565
      0.99592609
      0.99569280
      0.99573986
      0.99573568
      0.99575358
      0.99267245
      0.99175343
      0.99121888
      0.99101475
      0.99123807
      0.99129553
      0.99201578
      0.99486931
      0.99560252
      0.99561142
      0.99587205
      0.99556682
      0.99554677
      0.99557443
      0.99554978
      0.99525184
      0.99547805
      0.99551290
      0.99549639
      0.99554045
      0.99533836
      0.99561121
      0.99550078
      0.99534243
      0.99547098
      0.99536119
      0.99575519
      0.99565259
      0.99565323
      0.99570127
      0.99563694
      0.99575970
      0.99574501
      0.99568272
      0.99572882
      0.99561914
      0.99571370
      0.99583088
      0.99542273
      0.99550818
      0.99546808
      0.99592191
      0.99559856
      0.99579325
      0.99567318
      0.99583807
      0.99570716
      0.99545983
      0.99596683
      0.99563726
      0.99576045
      0.99568283
      0.99575391
      0.99607693
      0.99581662
      0.99557519
      0.99581137
      0.99583153
      0.99561721
      0.99578671
      0.99573654
      0.99592984
      0.99588792
      0.99601464
      0.99565034
      0.99571820
      0.99548899
      0.99575862
      0.99561839
      0.99555364
      0.99565495
      0.99570223
      0.99552683
      0.99556200
      0.99564637
      0.99553627
      0.99560188
      0.99556371
      0.99588749
      0.99584975
      0.99572089
      0.99583356
      0.99553552
      0.99590582
      0.99583667
      0.99576066
      0.99565356
      0.99588578
      0.99572078
      0.99574662
      0.99569012
      0.99569419
      0.99563651
      0.99554356
      0.99603759
      0.99546851
      0.99576666
      0.99583807
      0.99574801
      0.99560017
      0.99562397
      0.99572357
      0.99552405
      0.99594442
      0.99543142
      0.99564112
      0.99524948
      0.99538381
      0.99510785
      0.99544975
      0.99538617
      0.99520799
      0.99508191
      0.99522214
      0.99513004
      0.99516092
      0.99542016
      0.99519287
      0.99522300
      0.99501329
      0.99524197
      0.99518279
      0.99528239
      0.99514259
      0.99509981
      0.99520949
      0.99514580
      0.99533643
      0.99509327
      0.99532313
      0.99492935
      0.99539475
      0.99517304
      0.99538757
      0.99503677
      0.99525194
      0.99524326
      0.99533578
      0.99539067
      0.99532560
      0.99563930
      0.99585340
      0.99565817
      0.99553412
      0.99543817
      0.99540086
      0.99552555
      0.99569526
      0.99565334
      0.99562879
      0.99575648
      0.99606160
      0.99567886
      0.99576195
      0.99566149
      0.99571831
      0.99576934
      0.99554399
      0.99578071
      0.99533653
      0.99568904
      0.99570545
      0.99590529
      0.99556457
      0.99567296
      0.99539646
      0.99568808
      0.99568797
      0.99568004
      0.99579754
      0.99600939
      0.99594228
      0.99549370
      0.99570952
      0.99551279
      0.99572474
      0.99566331
      0.99568497
      0.99555053
      0.99573825
      0.99578982
      0.99570984
      0.99574029
      0.99550904
      0.99582038
      0.99558333
      0.99589671
      0.99564948
      0.99589425
      0.99591526
      0.99581309
      0.99579540
      0.99540643
      0.99578092
      0.99545071
      0.99571156
      0.99542852
      0.99548063
      0.99542423
      0.99554484
      0.99529033
      0.99555975
      0.99540065
      0.99520681
      0.99560467
      0.99532013
      0.99525473
      0.99505468
      0.99552297
      0.99506711
      0.99540129
      0.99508941
      0.99525366
      0.99521110
      0.99488325
      0.99512876
      0.99491787
      0.99508577
      0.99474955
      0.99514227
      0.99482996
      0.99506497
      0.99477989
      0.99474784
      0.99468458
      0.99471750
      0.99464116
      0.99469016
      0.99439554
      0.99472972
      0.99440937
      0.99483479
      0.99448228
      0.99449203
      0.99433315
      0.99434376
      0.99424266
      0.99430045
      0.99456869
      0.99439565
      0.99449600
      0.99414263
      0.99440208
      0.99424448
      0.99439061
      0.99420160
      0.99432768
      0.99439436
      0.99447423
      0.99449332
      0.99441698
      0.99471525
      0.99432757
      0.99477807
      0.99415035
      0.99441870
      0.99452173
      0.99462240
      0.99423912
      0.99449653
      0.99483168
      0.99467858
      0.99450972
      0.99452709
      0.99491841
      0.99475491
      0.99493696
      0.99467568
      0.99480241
      0.99484744
      0.99473980
      0.99477861
      0.99474087
      0.99470581
      0.99481967
      0.99475438
      0.99431181
      0.99461758
      0.99497759
      0.99497148
      0.99469498
      0.99477711
      0.99505232
      0.99458788
      0.99474033
      0.99519191
      0.99477314
      0.99474837
      0.99464942
      0.99493331
      0.99484711
      0.99466057
      0.99484100
      0.99486212
      0.99487981
      0.99471621
      0.99460889
      0.99493288
      0.99448421
      0.99499035
      0.99487992
      0.99467611
      0.99500697
      0.99455689
      0.99467429
      0.99467365
      0.99455282
      0.99456376
      0.99449418
      0.99488528
      0.99401473
      0.99452784
      0.99509123
      0.99460428
      0.99441827
      0.99435995
      0.99478043
      0.99467965
      0.99479254
      0.99444979
      0.99446652
      0.99478997
      0.99447381
      0.99462798
      0.99443382
      0.99470871
      0.99470742
      0.99464717
      0.99434194
      0.99508105
      0.99467333
      0.99454767
      0.99456140
      0.99431985
      0.99443221
      0.99451894
      0.99465939
      0.99431889
      0.99472254
      0.99434247
      0.99434044
      0.99434815
      0.99417458
      0.99410532
      0.99433057
      0.99461490
      0.99416557
      0.99456429
      0.99432993
      0.99431042
      0.99433797
      0.99412483
      0.99426549
      0.99445847
      0.99420085
      0.99453652
      0.99444797
      0.99430892
      0.99435062
      0.99411808
      0.99448560
      0.99413695
      0.99447606
      0.99411980
      0.99457394
      0.99432039
      0.99486641
      0.99430988
      0.99461597
      0.99450565
      0.99446158
      0.99438396
      0.99459056
      0.99441838
      0.99448077
      0.99424395
      0.99446351
      0.99467408
      0.99460096
      0.99438847
      0.99445483
      0.99444808
      0.99434858
      0.99436863
      0.99428662
      0.99447477
      0.99389122
      0.99436113
      0.99429712
      0.99414059
      0.99411336
      0.99424416
      0.99403714
      0.99422325
      0.99395973
      0.99374616
      0.99411990
      0.99394526
      0.99401098
      0.99401934
      0.99402727
      0.99410286
      0.99397120
      0.99371336
      0.99398546
      0.99350590
      0.99402674
      0.99400755
      0.99407777
      0.99390376
      0.99355951
      0.99384694
      0.99384994
      0.99416482
      0.99381360
      0.99395094
      0.99375957
      0.99389551
      0.99373512
      0.99397431
      0.99403177
      0.99379805
      0.99371100
      0.99403939
      0.99392832
      0.99383676
      0.99388189
      0.99382496
      0.99413105
      0.99373566
      0.99389926
      0.99382539
      0.99367873
      0.99352563
      0.99361001
      0.99372987
      0.99378530
      0.99379527
      0.99396734
      0.99362609
      0.99382303
      0.99375689
      0.99331871
      0.99371175
      0.99365954
      0.99359157
      0.99342003
      0.99343439
      0.99346538
      0.99348864
      0.99349808
      0.99341017
      0.99345809
      0.99381692
      0.99363692
      0.99360475
      0.99371968
      0.99350269
      0.99378712
      0.99370671
      0.99396530
      0.99384030
      0.99398996
      0.99375303
      0.99370135
      0.99369020
      0.99399682
      0.99370167
      0.99375399
      0.99374627
      0.99391309
      0.99390334
      0.99371261
      0.99387407
      0.99393989
      0.99410157
      0.99383579
      0.99394461
      0.99367648
      0.99388650
      0.99383236
      0.99375013
      0.99377190
      0.99392017
      0.99374649
      0.99388961
      0.99398621
      0.99394375
      0.99383333
      0.99385252
      0.99354857
      0.99417404
      0.99409910
      0.99390955
      0.99400347
      0.99393003
      0.99434848
      0.99390805
      0.99411540
      0.99411015
      0.99410339
      0.99397377
      0.99407284
      0.99403403
      0.99410361
      0.99401505
      0.99398707
      0.99409171
      0.99382261
      0.99403070
      0.99411004
      0.99417833
      0.99391202
      0.99395415
      0.99395051
      0.99380374
      0.99398417
      0.99376653
      0.99399296
      0.99360089
      0.99387514
      0.99374059
      0.99360915
      0.99356927
      0.99359618
      0.99369674
      0.99357012
      0.99373909
      0.99359896
      0.99411336
      0.99339751
      0.99353549
      0.99357366
      0.99380417
      0.99351244
      0.99375924
      0.99345208
      0.99352209
      0.99360454
      0.99373384
      0.99378497
      0.99370735
      0.99385263
      0.99386914
      0.99358889
      0.99408120
      0.99385841
      0.99390183
      0.99395898
      0.99384169
      0.99378637
      0.99396852
      0.99398246
      0.99377768
      0.99381907
      0.99388490
      0.99395598
      0.99393561
      0.99410875
      0.99411122
      0.99399286
      0.99397334
      0.99381725
      0.99407444
      0.99393550
      0.99395147
      0.99414520
      0.99420085
      0.99401655
      0.99391963
      0.99367691
      0.99440348
      0.99414671
      0.99392156
      0.99428168
      0.99404839
      0.99391802
      0.99396530
      0.99386935
      0.99388768
      0.99355501
      0.99378755
      0.99394590
      0.99397828
      0.99374080
      0.99399018
      0.99386324
      0.99396391
      0.99368270
      0.99387793
      0.99355018
      0.99340813
      0.99363756
      0.99358867
      0.99344297
      0.99376503
      0.99385595
      0.99362512
      0.99372880
      0.99366704
      0.99364549
      0.99335699
      0.99365075
      0.99370232
      0.99347824
      0.99344286
      0.99349958
      0.99375185
      0.99360583
      0.99371121
      0.99363123
      0.99352027
      0.99339816
      0.99327143
      0.99352091
      0.99346860
      0.99352767
      0.99324206
      0.99345048
      0.99299601
      0.99329781
      0.99317827
      0.99337982
      0.99333790
      0.99349004
      0.99343150
      0.99335892
      0.99362523
      0.99348564
      0.99329438
      0.99342003
      0.99330574
      0.99334830
      0.99366983
      0.99320421
      0.99314214
      0.99337082
      0.99349797
      0.99329052
      0.99364260
      0.99352456
      0.99340470
      0.99339312
      0.99361247
      0.99334219
      0.99348864
      0.99328805
      0.99368441
      0.99334841
      0.99337007
      0.99302828
      0.99326275
      0.99334938
      0.99348543
      0.99344919
      0.99367476
      0.99326296
      0.99361097
      0.99355737
      0.99348639
      0.99366951
      0.99352381
      0.99359071
      0.99353700
      0.99402395
      0.99347010
      0.99357784
      0.99352531
      0.99358085
      0.99364024
      0.99346677
      0.99371078
      0.99360207
      0.99350054
      0.99347363
      0.99376246
      0.99345284
      0.99369074
      0.99348350
      0.99394997
      0.99334702
      0.99344372
      0.99370060
      0.99355415
      0.99345777
      0.99372258
      0.99354997
      0.99387878
      0.99342968
      0.99365611
      0.99396648
      0.99396970
      0.99359585
      0.99395201
      0.99377490
      0.99393057
      0.99388468
      0.99366222
      0.99358417
      0.99386249
      0.99378969
      0.99399886
      0.99391320
      0.99405279
      0.99409857
      0.99412162
      0.99397431
      0.99405697
      0.99398621
      0.99439415
      0.99438514
      0.99442213
      0.99451648
      0.99435330
      0.99444132
      0.99445408
      0.99413427
      0.99442996
      0.99423215
      0.99424352
      0.99428737
      0.99456075
      0.99416032
      0.99446212
      0.99469027
      0.99418938
      0.99406919
      0.99432017
      0.99418648
      0.99406437
      0.99410500
      0.99462219
      0.99388554
      0.99439640
      0.99417222
      0.99449150
      0.99385123
      0.99419699
      0.99414724
      0.99439393
      0.99402030
      0.99405386
      0.99404164
      0.99406983
      0.99393078
      0.99403467
      0.99351663
      0.99392574
      0.99362791
      0.99400529
      0.99399296
      0.99386881
      0.99381113
      0.99395598
      0.99376010
      0.99415625
      0.99396573
      0.99393947
      0.99380063
      0.99408817
      0.99397431
      0.99384555
      0.99324217
      0.99404335
      0.99397517
      0.99359607
      0.99403585
      0.99384737
      0.99382529
      0.99367208
      0.99402213
      0.99365675
      0.99435287
      0.99375796
      0.99424512
      0.99385252
      0.99403531
      0.99366147
      0.99403531
      0.99407251
      0.99454317
      0.99400122
      0.99415957
      0.99407723
      0.99448914
      0.99397056
      0.99410575
      0.99395019
      0.99426818
      0.99417726
      0.99394472
      0.99395651
      0.99361558
      0.99384169
      0.99405150
      0.99372247
      0.99392531
      0.99390248
      0.99403499
      0.99415850
      0.99409900
      0.99392757
      0.99416193
      0.99421553
      0.99426239
      0.99409621
      0.99395951
      0.99424523
      0.99421092
      0.99451176
      0.99436552
      0.99445644
      0.99445129
      0.99448828
      0.99438739
      0.99471449
      0.99418852
      0.99438182
      0.99465585
      0.99444690
      0.99426249
      0.99453224
      0.99442738
      0.99428115
      0.99438579
      0.99485151
      0.99439929
      0.99417898
      0.99440658
      0.99435180
      0.99431964
      0.99462101
      0.99399972
      0.99446759
      0.99465060
      0.99454178
      0.99435963
      0.99420717
      0.99403027
      0.99423494
      0.99412033
      0.99411561
      0.99402170
      0.99427429
      0.99398439
      0.99429283
      0.99411551
      0.99488850
      0.99410446
      0.99410500
      0.99422679
      0.99434076
      0.99433197
      0.99428340
      0.99444561
      0.99451262
      0.99450114
      0.99435609
      0.99456719
      0.99494082
      0.99432435
      0.99451208
      0.99444089
      0.99438107
      0.99465231
      0.99423515
      0.99461629
      0.99426742
      0.99467086
      0.99446266
      0.99468265
      0.99471042
      0.99499078
      0.99464802
      0.99479490
      0.99446008
      0.99473251
      0.99486813
      0.99501779
      0.99474248
      0.99470302
      0.99452248
      0.99499517
      0.99441516
      0.99479866
      0.99474945
      0.99480487
      0.99462058
      0.99474162
      0.99487531
      0.99480005
      0.99500664
      0.99501126
      0.99485655
      0.99493696
      0.99491648
      0.99472157
      0.99495861
      0.99501158
      0.99534114
      0.99531252
      0.99482621
      0.99481388
      0.99500943
      0.99497180
      0.99505671
      0.99506143
      0.99511289
      0.99490758
      0.99488174
      0.99494607
      0.99472232
      0.99475695
      0.99486641
      0.99484454
      0.99472200
      0.99496548
      0.99484058
      0.99494446
      0.99478386
      0.99502702
      0.99461650
      0.99480209
      0.99476778
      0.99491616
      0.99504224
      0.99485644
      0.99489193
      0.99447209
      0.99473336
      0.99457533
      0.99455496
      0.99455078
      0.99474355
      0.99481677
      0.99511847
      0.99459495
      0.99484840
      0.99483489
      0.99508909
      0.99474655
      0.99481602
      0.99479276
      0.99476263
      0.99455775
      0.99483779
      0.99486384
      0.99484368
      0.99484658
      0.99474644
      0.99518504
      0.99470956
      0.99498284
      0.99464320
      0.99476360
      0.99477507
      0.99502466
      0.99440819
      0.99522911
      0.99495936
      0.99501522
      0.99488689
      0.99532871
      0.99476821
      0.99503677
      0.99509048
      0.99488550
      0.99491755
      0.99503109
      0.99483135
      0.99496976
      0.99471557
      0.99473154
      0.99480391
      0.99458070
      0.99503302
      0.99489150
      0.99501790
      0.99469134
      0.99512822
      0.99469638
      0.99469563
      0.99481216
      0.99492570
      0.99505446
      0.99488378
      0.99496698
      0.99490898
      0.99503152
      0.99461618
      0.99517572
      0.99487831
      0.99502852
      0.99489632
      0.99512350
      0.99517829
      0.99497523
      0.99488367
      0.99529644
      0.99482299
      0.99497673
      0.99498906
      0.99510571
      0.99493374
      0.99476435
      0.99492570
      0.99491455
      0.99515985
      0.99495990
      0.99481892
      0.99473315
      0.99487017
      0.99497244
      0.99505489
      0.99497255
      0.99494575
      0.99479598
      0.99476606
      0.99492195
      0.99493696
      0.99487424
      0.99496558
      0.99494843
      0.99510592
      0.99479126
      0.99466893
      0.99492549
      0.99485312
      0.99478772
      0.99449932
      0.99504535
      0.99488249
      0.99508587
      0.99504899
      0.99498928
      0.99491112
      0.99509123
      0.99489150
      0.99488121
      0.99496966
      0.99511085
      0.99502155
      0.99462572
      0.99548116
      0.99460578
      0.99501050
      0.99495776
      0.99508148
      0.99493031
      0.99490587
      0.99499024
      0.99492356
      0.99497437
      0.99526245
      0.99513262
      0.99514495
      0.99473497
      0.99520616
      0.99550485
      0.99518258
      0.99502037
      0.99524787
      0.99505200
      0.99520273
      0.99489343
      0.99505757
      0.99534951
      0.99480166
      0.99510324
      0.99514066
      0.99517068
      0.99514505
      0.99517196
      0.99494650
      0.99510699
      0.99534661
      0.99549960
      0.99520777
      0.99528475
      0.99557379
      0.99511150
      0.99538617
      0.99541405
      0.99532206
      0.99535980
      0.99544557
      0.99553852
      0.99585501
      0.99567393
      0.99606074
      0.99580172
      0.99551547
      0.99585233
      0.99569955
      0.99574683
      0.99549081
      0.99573965
      0.99591665
      0.99601261
      0.99579390
      0.99595611
      0.99579829
      0.99602644
      0.99603619
      0.99635279
      0.99597187
      0.99594871
      0.99604852
      0.99612121
      0.99590904
      0.99586766
      0.99627238
      0.99591429
      0.99596393
      0.99602955
      0.99609687
      0.99601035
      0.99598945
      0.99603726
      0.99582059
      0.99601604
      0.99602419
      0.99616367
      0.99575487
      0.99625941
      0.99613933
      0.99638356
      0.99592887
      0.99589157
      0.99608733
      0.99614533
      0.99609108
      0.99603834
      0.99621792
      0.99613697
      0.99633542
      0.99591108
      0.99647865
      0.99621127
      0.99627034
      0.99662660
      0.99632148
      0.99635247
      0.99636587
      0.99643920
      0.99635804
      0.99648841
      0.99625791
      0.99630540
      0.99603448
      0.99618296
      0.99635311
      0.99623657
      0.99646718
      0.99644670
      0.99678045
      0.99630969
      0.99646482
      0.99651296
      0.99635150
      0.99631258
      0.99597905
      0.99633220
      0.99764382
      0.99768081
      0.99799162
      0.99758979
      0.99742200
      0.99737633
      0.99745996
      0.99745374
      0.99763482
      0.99716588
      0.99731747
      0.99737011
      0.99727705
      0.99705341
      0.99717456
      0.99715172
      0.99694802
      0.99716437
      0.99682301
      0.99713200
      0.99689581
      0.99708482
      0.99691522
      0.99705845
      0.99708976
      0.99696175
      0.99688820
      0.99671076
      0.99715783
      0.99684285
      0.99681197
      0.99712664
      0.99712503
      0.99715012
      0.99698040
      0.99709136
      0.99688455
      0.99735135
      0.99719343
      0.99698619
      0.99673843
      0.99693055
      0.99723889
      0.99691372
      0.99705052
      0.99697257
      0.99686375
      0.99680511
      0.99666584
      0.99686751
      0.99683202
      0.99653226
      0.99719096
      0.99724114
      0.99704441
      0.99699991
      0.99708482
      0.99698630
      0.99678946
      0.99693687
      0.99713521
      0.99697408
      0.99716598
      0.99689667
      0.99704119
      0.99701835
      0.99725593
      0.99686933
      0.99683856
      0.99681422
      0.99694191
      0.99658619
      0.99711291
      0.99660741
      0.99705759
      0.99726226
      0.99697054
      0.99724189
      0.99702747
      0.99711634
      0.99716866
      0.99726966
      0.99728960
      0.99729807
      0.99729163
      0.99710584
      0.99741739
      0.99734685
      0.99731190
      0.99744377
      0.99752879
      0.99759032
      0.99748086
      0.99753843
      0.99760555
      0.99763374
      0.99765497
      0.99784184
      0.99747507
      0.99769839
      0.99757821
      0.99747947
      0.99750112
      0.99780207
      0.99760008
      0.99754154
      0.99765433
      0.99740742
      0.99770483
      0.99744184
      0.99745974
      0.99748526
      0.99732648
      0.99774964
      0.99754154
      0.99758110
      0.99750423
      0.99760919
      0.99759440
      0.99770547
      0.99766269
      0.99711656
      0.99762152
      0.99754916
      0.99767352
      0.99749308
      0.99754272
      0.99745041
      0.99757242
      0.99749437
      0.99753876
      0.99751110
      0.99750209
      0.99772863
      0.99738577
      0.99774814
      0.99777344
      0.99762720
      0.99744312
      0.99759032
      0.99779939
      0.99774138
      0.99768907
      0.99779188
      0.99772445
      0.99770225
      0.99748075
      0.99781943
      0.99759032
      0.99775929
      0.99752332
      0.99789137
      0.99755130
      0.99757842
      0.99791710
      0.99770847
      0.99785481
      0.99773999
      0.99791421
      0.99761230
      0.99787915
      0.99795945
      0.99767824
      0.99799526
      0.99764189
      0.99781965
      0.99758561
      0.99766752
      0.99766441
      0.99795527
      0.99772552
      0.99785621
      0.99811394
      0.99763385
      0.99799119
      0.99791260
      0.99769035
      0.99777794
      0.99785106
      0.99799966
      0.99777730
      0.99765626
      0.99756920
      0.99781364
      0.99818363
      0.99772209
      0.99787593
      0.99762517
      0.99736261
      0.99769100
      0.99767588
      0.99754390
      0.99762688
      0.99769400
      0.99739541
      0.99771394
      0.99750616
      0.99780174
      0.99765733
      0.99780646
      0.99772101
      0.99736593
      0.99712835
      0.99728306
      0.99735789
      0.99737547
      0.99736872
      0.99770204
      0.99726944
      0.99753522
      0.99732991
      0.99734406
      0.99734674
      0.99743294
      0.99744291
      0.99741922
      0.99724157
      0.99724918
      0.99745577
      0.99741600
      0.99758850
      0.99781836
      0.99740045
      0.99765240
      0.99778759
      0.99778824
      0.99771791
      0.99736379
      0.99749469
      0.99785814
      0.99777108
      0.99746960
      0.99750273
      0.99766634
      0.99750252
      0.99771158
      0.99761895
      0.99779327
      0.99756770
      0.99773527
      0.99801188
      0.99782094
      0.99795398
      0.99762678
      0.99766559
      0.99773206
      0.99787004
      0.99780153
      0.99810333
      0.99765165
      0.99794873
      0.99781740
      0.99796546
      0.99778416
      0.99823552
      0.99773560
      0.99807813
      0.99812027
      0.99808467
      0.99809861
      0.99805240
      0.99805476
      0.99788130
      0.99793522
      0.99809486
      0.99783691
      0.99813174
      0.99803160
      0.99787615
      0.99800984
      0.99792665
      0.99798432
      0.99752589
      0.99757992
      0.99781386
      0.99773066
      0.99789437
      0.99797457
      0.99773753
      0.99776776
      0.99783627
      0.99774750
      0.99772337
      0.99807181
      0.99795945
      0.99760694
      0.99780228
      0.99804822
      0.99803814
      0.99779906
      0.99818106
      0.99813967
      0.99791635
      0.99794830
      0.99782801
      0.99804490
      0.99814107
      0.99830049
      0.99793640
      0.99814686
      0.99817634
      0.99834370
      0.99812413
      0.99806538
      0.99829867
      0.99813892
      0.99837650
      0.99829106
      0.99826951
      0.99827583
      0.99836246
      0.99830917
      0.99830810
      0.99859811
      0.99832054
      0.99834756
      0.99845788
      0.99844694
      0.99848136
      0.99860293
      0.99865557
      0.99870725
      0.99885284
      0.99880470
      0.99877125
      0.99884191
      0.99840363
      0.99856101
      0.99857420
      0.99848800
      0.99866672
      0.99863435
      0.99853303
      0.99894279
      0.99860004
      0.99866168
      0.99856123
      0.99840652
      0.99878401
      0.99838722
      0.99866319
      0.99869095
      0.99889122
      0.99893271
      0.99840341
      0.99875046
      0.99854182
      0.99892607
      0.99847428
      0.99902191
      0.99896359
      0.99871454
      0.99891974
      0.99881746
      0.99876493
      0.99887310
      0.99859253
      0.99889401
      0.99860336
      0.99848554
      0.99877769
      0.99856627
      0.99859704
      0.99873169
      0.99876697
      0.99888897
      0.99877254
      0.99874885
      0.99882422
      0.99884898
      0.99873931
      0.99876514
      0.99854815
      0.99846956
      0.99907563
      0.99858374
      0.99896209
      0.99869792
      0.99871872
      0.99869235
      0.99831786
      0.99840256
      0.99838390
      0.99878133
      0.99844726
      0.99833576
      0.99862523
      0.99844147
      0.99825246
      0.99839076
      0.99821043
      0.99817495
      0.99810494
      0.99812241
      0.99844726
      0.99820432
      0.99824646
      0.99851277
      0.99812809
      0.99839076
      0.99839526
      0.99812863
      0.99830210
      0.99834252
      0.99830338
      0.99824549
      0.99818202
      0.99825921
      0.99826350
      0.99806087
      0.99812466
      0.99851363
      0.99846699
      0.99818985
      0.99822341
      0.99818309
      0.99845069
      0.99840073
      0.99833029
      0.99810097
      0.99832118
      0.99832418
      0.99842625
      0.99836739
      0.99837768
      0.99826940
      0.99835238
      0.99860090
      0.99836964
      0.99859575
      0.99824185
      0.99839312
      0.99850794
      0.99838251
      0.99845562
      0.99831411
      0.99850194
      0.99838819
      0.99837200
      0.99838562
      0.99835774
      0.99863231
      0.99845048
      0.99831529
      0.99843944
      0.99841810
      0.99832987
      0.99837618
      0.99833705
      0.99863638
      0.99857055
      0.99877115
      0.99843976
      0.99845294
      0.99864614
      0.99876729
      0.99881189
      0.99864700
      0.99883054
      0.99880567
      0.99859403
      0.99867948
      0.99896230
      0.99907134
      0.99892521
      0.99862234
      0.99907220
      0.99887675
      0.99901902
      0.99874842
      0.99882304
      0.99915014
      0.99908495
      0.99925306
      0.99899350
      0.99904282
      0.99936435
      0.99918080
      0.99913352
      0.99903810
      0.99923419
      0.99951187
      0.99913116
      0.99926764
      0.99920932
      0.99942781
      0.99951905
      0.99938911
      0.99944979
      0.99946566
      0.99958113
      0.99947477
      0.99945858
      0.99922368
      0.99947745
      0.99914553
      0.99975191
      0.99948260
      0.99955947
      0.99943628
      0.99940015
      0.99959271
      0.99950329
      0.99964492
      0.99966261
      0.99951841
      0.99954703
      0.99935684
      0.99966829
      0.99961179
      0.99948067
      0.99962154
      0.99926957
      0.99940015
      0.99935330
      0.99930088
      0.99945869
      0.99916986
      0.99923258
      0.99914274
      0.99958413
      0.99943253
      0.99976692
      0.99953771
      0.99971932
      0.99970260
      0.99951348
      0.99925971
      0.99963816
      0.99908528
      0.99910318
      0.99969016
       1.0003687
      0.99934623
      0.99969295
      0.99940262
      0.99922208
      0.99923376
      0.99940787
      0.99933422
      0.99916890
      0.99915657
      0.99925906
      0.99921800
      0.99933100
      0.99934623
      0.99920224
      0.99928051
      0.99922047
      0.99935009
      0.99902652
      0.99902652
      0.99937635
      0.99918219
      0.99931267
      0.99947702
      0.99934601
      0.99945408
      0.99935362
      0.99948957
      0.99949096
      0.99973455
      0.99969949
      0.99954789
      0.99954092
      0.99945783
      0.99972125
      0.99963334
      0.99966218
      0.99970367
      0.99993921
      0.99960825
      0.99953556
       1.0001071
      0.99978258
      0.99971857
      0.99977636
      0.99951766
      0.99963409
      0.99966400
      0.99964685
      0.99951026
      0.99944529
      0.99971643
      0.99937657
      0.99955465
      0.99936552
      0.99937614
      0.99956858
      0.99950747
      0.99941152
      0.99967151
      0.99960804
      0.99975341
      0.99971021
      0.99936156
      0.99964781
      0.99952291
      0.99952313
      0.99968834
      0.99951723
      0.99962208
      0.99938686
      0.99948163
      0.99956655
      0.99972318
       1.0000675
      0.99978290
       1.0001149
      0.99992259
      0.99987070
       1.0000538
      0.99982718
      0.99988807
      0.99968244
      0.99973487
       1.0001365
       1.0002278
       1.0002198
       1.0000951
       1.0001634
       1.0002307
       1.0001358
       1.0001757
       1.0000499
       1.0000486
       1.0003201
      0.99998081
       1.0004876
      0.99991552
       1.0000627
      0.99999325
       1.0002551
      0.99988657
       1.0000210
      0.99992152
       1.0003832
       1.0003152
       1.0000279
       1.0000937
       1.0001380
       1.0000312
       1.0001607
       1.0001641
      0.99996934
       1.0002953
       1.0001477
       1.0000592
       1.0000559
       1.0000233
       1.0000000
      0.99983511
       1.0000269
       1.0001967
      0.99984422
       1.0001482
       1.0000725
       1.0001421
      0.99999957
       1.0001027
       1.0001669
       1.0001533
       1.0001832
       1.0001244
       1.0001113
      0.99997984
       1.0000566
       1.0000525
       1.0001699
       1.0001029
       1.0001751
       1.0000317
      0.99998596
       1.0004705
       1.0000418
       1.0001666
       1.0000168
       1.0001053
       1.0001522
       1.0001154
       1.0000406
       1.0002004
       1.0001540
       1.0003987
       1.0001967
       1.0001359
       1.0003003
       1.0003756
       1.0001456
       1.0000847
       1.0003993
       1.0003001
       1.0003774
       1.0002027
       1.0001448
       1.0002842
       1.0000830
       1.0003062
       1.0001372
       1.0002740
       1.0001308
       1.0002262
       1.0007063
       1.0002276
       1.0000247
       1.0005343
       1.0001800
       1.0000086
       1.0003704
       1.0002428
       1.0002200
       1.0003866
       1.0003184
       1.0000169
       1.0003438
       1.0001566
       1.0005728
       1.0002313
       1.0005605
       1.0006278
       1.0004942
       1.0005955
       1.0008257
       1.0005518
       1.0005780
       1.0004263
       1.0005069
       1.0005683
       1.0005699
       1.0005706
       1.0006466
       1.0004219
       1.0005938
       1.0005935
       1.0003461
       1.0013335
       1.0006144
       1.0007971
       1.0009611
       1.0009341
       1.0008070
       1.0008877
       1.0010122
       1.0012594
       1.0008964
       1.0012204
       1.0011016
       1.0009256
       1.0011085
       1.0008910
       1.0008780
       1.0009548
       1.0009704
       1.0010671
       1.0007865
       1.0009120
       1.0013167
       1.0011629
       1.0010981
       1.0010242
       1.0013248
       1.0015013
       1.0012949
       1.0013853
       1.0012750
       1.0011261
       1.0009735
       1.0013929
       1.0015647
       1.0015593
       1.0015746
       1.0016433
       1.0016157
       1.0016870
       1.0017128
       1.0014131
       1.0016427
       1.0017121
       1.0015339
       1.0016319
       1.0018871
       1.0013677
       1.0017178
       1.0016487
       1.0016902
       1.0021870
       1.0017489
       1.0018561
       1.0011885
       1.0015141
       1.0016717
       1.0015952
       1.0016393
       1.0019177
       1.0019212
       1.0018542
       1.0017560
       1.0017344
       1.0019145
       1.0018160
       1.0019463
       1.0019830
       1.0019043
       1.0017731
       1.0020463
       1.0018746
       1.0020146
       1.0019206
       1.0022340
       1.0021827
       1.0017353
       1.0018489
       1.0021692
       1.0020586
       1.0019758
       1.0021416
       1.0022004
       1.0023408
       1.0019272
       1.0021552
       1.0024709
       1.0021685
       1.0021484
       1.0022598
       1.0022117
       1.0020225
       1.0021435
       1.0025204
       1.0023313
       1.0024257
       1.0022427
       1.0022038
       1.0022760
       1.0024664
       1.0022996
       1.0025631
       1.0025078
       1.0024044
       1.0023846
       1.0022207
       1.0023738
       1.0024634
       1.0022630
       1.0022555
       1.0022419
       1.0021672
       1.0024782
       1.0020976
       1.0020967
       1.0024813
       1.0020336
       1.0021632
       1.0020729
       1.0022121
       1.0022105
       1.0026379
       1.0021151
       1.0024018
       1.0024650
       1.0025387
       1.0025006
       1.0025512
       1.0025856
       1.0023481
       1.0027577
       1.0026771
       1.0024609
       1.0026519
       1.0025666
       1.0025492
       1.0025154
       1.0027074
       1.0024915
       1.0025638
       1.0026853
       1.0028333
       1.0027985
       1.0025383
       1.0028974
       1.0027835
       1.0024543
       1.0028778
       1.0027422
       1.0025869
       1.0028697
       1.0028269
       1.0028457
       1.0028739
       1.0028740
       1.0028997
       1.0031350
       1.0029682
       1.0032634
       1.0034906
       1.0032607
       1.0032979
       1.0031844
       1.0030734
       1.0033173
       1.0031054
       1.0034363
       1.0033480
       1.0034884
       1.0032012
       1.0035830
       1.0033997
       1.0034433
       1.0036013
       1.0035217
       1.0035097
       1.0034704
       1.0031892
       1.0035191
       1.0034899
       1.0034425
       1.0033197
       1.0034104
       1.0033257
       1.0032794
       1.0033387
       1.0031559
       1.0032852
       1.0034765
       1.0033098
       1.0033805
       1.0034985
       1.0034359
       1.0034234
       1.0034395
       1.0031850
       1.0035135
       1.0036369
       1.0033987
       1.0038382
       1.0038328
       1.0035094
       1.0038046
       1.0033197
       1.0034973
       1.0034854
       1.0036703
       1.0034323
       1.0034230
       1.0032605
       1.0037695
       1.0037223
       1.0034687
       1.0036001
       1.0035455
       1.0035833
       1.0034137
       1.0033877
       1.0037219
       1.0034345
       1.0035223
       1.0037594
       1.0036262
       1.0034955
       1.0038566
       1.0036232
       1.0032747
       1.0039529
       1.0038590
       1.0036261
       1.0035983
       1.0036323
       1.0034696
       1.0040973
       1.0036789
       1.0036980
       1.0036495
       1.0037081
       1.0035036
       1.0036606
       1.0037737
       1.0037060
       1.0038276
       1.0037286
       1.0039772
       1.0037924
       1.0035856
       1.0036071
       1.0035759
       1.0037559
       1.0038042
       1.0038451
       1.0040810
       1.0038532
       1.0039412
       1.0039618
       1.0038155
       1.0034412
       1.0039624
       1.0040943
       1.0038456
       1.0036777
       1.0037319
       1.0036900
       1.0039338
       1.0038792
       1.0037649
       1.0039543
       1.0040981
       1.0039863
       1.0041887
       1.0039048
       1.0043666
       1.0040414
       1.0037252
       1.0039799
       1.0036527
       1.0039268
       1.0040814
       1.0043747
       1.0041340
       1.0040660
       1.0042485
       1.0043097
       1.0040939
       1.0040578
       1.0041820
       1.0039313
       1.0039532
       1.0043134
       1.0040326
       1.0040820
       1.0038521
       1.0042351
       1.0040664
       1.0041158
       1.0040710
       1.0041870
       1.0043084
       1.0041415
       1.0043845
       1.0041630
       1.0041816
       1.0041532
       1.0043492
       1.0044944
       1.0044865
       1.0044901
       1.0044180
       1.0049786
       1.0042842
       1.0044496
       1.0046619
       1.0048412
       1.0047210
       1.0048226
       1.0046352
       1.0045540
       1.0047783
       1.0047832
       1.0051649
       1.0049179
       1.0052345
       1.0049629
       1.0048904
       1.0049230
       1.0048094
       1.0050109
       1.0051831
       1.0050083
       1.0051022
       1.0051639
       1.0049372
       1.0048715
       1.0048151
       1.0048992
       1.0048734
       1.0050971
       1.0048557
       1.0048531
       1.0051532
       1.0048770
       1.0047825
       1.0048174
       1.0048834
       1.0049378
       1.0046958
       1.0051225
       1.0046522
       1.0046973
       1.0046595
       1.0050205
       1.0045286
       1.0045757
       1.0044176
       1.0045495
       1.0048859
       1.0046598
       1.0048043
       1.0044257
       1.0044942
       1.0045077
       1.0046654
       1.0045062
       1.0044530
       1.0046428
       1.0042957
       1.0046829
       1.0047727
       1.0046000
       1.0046670
       1.0045407
       1.0047705
       1.0048797
       1.0045416
       1.0045851
       1.0048850
       1.0049559
       1.0048834
       1.0047819
       1.0047810
       1.0047398
       1.0048324
       1.0049211
       1.0051413
       1.0047722
       1.0049689
       1.0050256
       1.0047423
       1.0046917
       1.0049667
       1.0047999
       1.0047322
       1.0046391
       1.0047113
       1.0048810
       1.0047886
       1.0046991
       1.0044734
       1.0046370
       1.0047588
       1.0046316
       1.0049868
       1.0048529
       1.0044620
       1.0048033
       1.0044062
       1.0045652
       1.0048439
       1.0044646
       1.0048530
       1.0045563
       1.0049826
       1.0047095
       1.0047748
       1.0046516
       1.0048001
       1.0046249
       1.0049976
       1.0050550
       1.0047600
       1.0049683
       1.0050008
       1.0046729
       1.0050400
       1.0051116
       1.0050203
       1.0050675
       1.0049369
       1.0049351
       1.0050267
       1.0046858
       1.0051787
       1.0053601
       1.0049887
       1.0050915
       1.0051233
       1.0050435
       1.0052397
       1.0050634
       1.0049062
       1.0052859
       1.0050122
       1.0049972
       1.0052702
       1.0047229
       1.0052101
       1.0050766
       1.0049556
       1.0050049
       1.0049624
       1.0047947
       1.0053970
       1.0052063
       1.0054090
       1.0052249
       1.0049287
       1.0049133
       1.0051536
       1.0051021
       1.0050801
       1.0054986
       1.0050484
       1.0053825
       1.0054820
       1.0050967
       1.0053841
       1.0051368
       1.0052456
       1.0053797
       1.0055297
       1.0049274
       1.0053414
       1.0050128
       1.0050293
       1.0054569
       1.0052434
       1.0052309
       1.0048993
       1.0049451
       1.0052797
       1.0051546
       1.0048757
       1.0052680
       1.0052134
       1.0051600
       1.0051198
       1.0050790
       1.0051282
       1.0049007
       1.0051019
       1.0048793
       1.0052392
       1.0052530
       1.0050148
       1.0051887
       1.0053031
       1.0051859
       1.0049422
       1.0052919
       1.0055787
       1.0052361
       1.0054909
       1.0053856
       1.0052784
       1.0054374
       1.0057036
       1.0052328
       1.0053242
       1.0059691
       1.0056309
       1.0057135
       1.0055770
       1.0055587
       1.0058550
       1.0056578
       1.0055766
       1.0058446
       1.0055379
       1.0055713
       1.0056345
       1.0056242
       1.0056121
       1.0055795
       1.0056001
       1.0055115
       1.0056238
       1.0056972
       1.0055386
       1.0055261
       1.0057754
       1.0056745
       1.0054362
       1.0056045
       1.0053064
       1.0055613
       1.0053108
       1.0055481
       1.0056700
       1.0054107
       1.0057618
       1.0056362
       1.0055207
       1.0056145
       1.0053790
       1.0052511
       1.0055317
       1.0053060
       1.0054381
       1.0055174
       1.0053579
       1.0052189
       1.0055054
       1.0054858
       1.0056881
       1.0056956
       1.0051541
       1.0057605
       1.0055269
       1.0054994
       1.0055325
       1.0058557
       1.0053704
       1.0057374
       1.0056599
       1.0055856
       1.0056394
       1.0055455
       1.0056159
       1.0056327
       1.0055225
       1.0057093
       1.0057852
       1.0057506
       1.0055915
       1.0056084
       1.0055205
       1.0056659
       1.0056850
       1.0056257
       1.0057699
       1.0055852
       1.0056748
       1.0059009
       1.0055979
       1.0056953
       1.0058455
       1.0059026
       1.0058245
       1.0057527
       1.0056695
       1.0059025
       1.0058782
       1.0055512
       1.0058597
       1.0058239
       1.0056005
       1.0060101
       1.0056164
       1.0059528
       1.0058646
       1.0058454
       1.0058121
       1.0060000
       1.0057557
       1.0059969
       1.0059889
       1.0060128
       1.0061660
       1.0057366
       1.0058774
       1.0062029
       1.0058860
       1.0058356
       1.0059468
       1.0058600
       1.0060780
       1.0060800
       1.0055937
       1.0060938
       1.0058173
       1.0061507
       1.0061071
       1.0057005
       1.0059628
       1.0060306
       1.0056613
       1.0059709
       1.0058298
       1.0060241
       1.0059725
       1.0059576
       1.0060432
       1.0058694
       1.0060824
       1.0061072
       1.0061433
       1.0060336
       1.0060647
       1.0058894
       1.0065049
       1.0059860
       1.0060205
       1.0058935
       1.0060040
       1.0060164
       1.0059709
       1.0059495
       1.0058805
       1.0058672
       1.0058610
       1.0058271
       1.0057479
       1.0058637
       1.0056595
       1.0055417
       1.0056251
       1.0054740
       1.0057915
       1.0055638
       1.0056255
       1.0058686
       1.0054697
       1.0056901
       1.0057507
       1.0055016
       1.0058231
       1.0056944
       1.0054197
       1.0054879
       1.0057569
       1.0057234
       1.0057210
       1.0054502
       1.0056818
       1.0055089
       1.0054698
       1.0056631
       1.0056175
       1.0055779
       1.0055575
       1.0055433
       1.0055005
       1.0057047
       1.0055162
       1.0057522
       1.0056468
       1.0056375
       1.0058291
       1.0058582
       1.0057660
       1.0057004
       1.0052967
       1.0056047
       1.0058699
       1.0055706
       1.0055813
       1.0055070
       1.0055067
       1.0056457
       1.0054888
       1.0055974
       1.0054055
       1.0053802
       1.0051706
       1.0054789
       1.0055361
       1.0054650
       1.0053060
       1.0052070
       1.0055171
       1.0053341
       1.0052364
       1.0050895
       1.0053413
       1.0052404
       1.0049613
       1.0053483
       1.0050197
       1.0050926
       1.0052239
       1.0049052
       1.0053779
       1.0048617
       1.0050872
       1.0067472
       1.0072078
       1.0071759
       1.0072084
       1.0074993
       1.0072254
       1.0076239
       1.0078636
       1.0074690
       1.0077885
       1.0078252
       1.0079531
       1.0080959
       1.0079375
       1.0079388
       1.0081430
       1.0080328
       1.0084318
       1.0083550
       1.0082304
       1.0082515
       1.0085970
       1.0085736
       1.0086048
       1.0087453
       1.0089014
       1.0088080
       1.0083937
       1.0087520
       1.0083401
       1.0086534
       1.0087415
       1.0086956
       1.0086528
       1.0086380
       1.0085905
       1.0086653
       1.0086947
       1.0087751
       1.0088420
       1.0089774
       1.0089530
       1.0087690
       1.0086985
       1.0085651
       1.0083585
       1.0085736
       1.0087081
       1.0084156
       1.0084093
       1.0084644
       1.0082492
       1.0085235
       1.0082838
       1.0083050
       1.0084266
       1.0084169
       1.0083076
       1.0081105
       1.0081082
       1.0082054
       1.0082485
       1.0079539
       1.0080759
       1.0081509
       1.0081149
       1.0080388
       1.0081711
       1.0078694
       1.0080923
       1.0087603
       1.0072690
       1.0082748
       1.0081179
       1.0078462
       1.0091725
       1.0081737
       1.0080790
       1.0080895
       1.0079652
       1.0081581
       1.0082913
       1.0077819
       1.0079095
       1.0080533
       1.0078427
       1.0081967
       1.0080309
       1.0081834
       1.0082557
       1.0080016
       1.0078428
       1.0079811
       1.0080408
       1.0081664
       1.0078902
       1.0080071
       1.0079782
       1.0079914
       1.0078758
       1.0077931
       1.0081550
       1.0078899
       1.0080830
       1.0080582
       1.0078106
       1.0079794
       1.0079780
       1.0081708
       1.0080476
       1.0080688
       1.0080852
       1.0076073
       1.0076136
       1.0079602
       1.0076476
       1.0077603
       1.0078922
       1.0077420
       1.0077660
       1.0078539
       1.0076861
       1.0075351
       1.0074210
       1.0075897
       1.0074698
       1.0076026
       1.0073031
       1.0076329
       1.0075034
       1.0072736
       1.0073723
       1.0072860
       1.0074644
       1.0071618
       1.0073452
       1.0074512
       1.0073304
       1.0073270
       1.0073292
       1.0074697
       1.0072942
       1.0073454
       1.0073044
       1.0074964
       1.0074419
       1.0074391
       1.0071458
       1.0073821
       1.0073256
       1.0073708
       1.0076295
       1.0074805
       1.0070975
       1.0075973
       1.0074077
       1.0074811
       1.0076043
       1.0072055
       1.0075700
       1.0076878
       1.0075912
       1.0076909
       1.0078250
       1.0078160
       1.0076251
       1.0075202
       1.0079514
       1.0076702
       1.0077772
       1.0079800
       1.0078318
       1.0078402
       1.0078749
       1.0076892
       1.0077606
       1.0076965
       1.0077221
       1.0079944
       1.0075998
       1.0075395
       1.0077154
       1.0075826
       1.0076890
       1.0075957
       1.0074088
       1.0075347
       1.0077250
       1.0075084
       1.0073136
       1.0073854
       1.0072941
       1.0071857
       1.0071925
       1.0070891
       1.0070421
       1.0072370
       1.0072097
       1.0075648
       1.0070705
       1.0075903
       1.0072351
       1.0069778
       1.0070875
       1.0071608
       1.0071694
       1.0073181
       1.0071107
       1.0074515
       1.0071548
       1.0069085
       1.0069890
       1.0070997
       1.0072361
       1.0071849
       1.0069933
       1.0072009
       1.0073630
       1.0072855
       1.0070270
       1.0074805
       1.0070021
       1.0071548
       1.0071017
       1.0069163
       1.0071990
       1.0073355
       1.0070839
       1.0074829
       1.0073588
       1.0070413
       1.0072926
       1.0072525
       1.0069233
       1.0072771
       1.0074192
       1.0073091
       1.0075885
       1.0070400
       1.0074359
       1.0073748
       1.0073750
       1.0075041
       1.0074378
       1.0074109
       1.0075158
       1.0074827
       1.0073670
       1.0074646
       1.0074668
       1.0075205
       1.0075426
       1.0071985
       1.0071350
       1.0073090
       1.0072434
       1.0073184
       1.0074444
       1.0074444
       1.0073077
       1.0072772
       1.0078839
       1.0076578
       1.0072870
       1.0079009
       1.0076358
       1.0075091
       1.0076441
       1.0075459
       1.0075903
       1.0076591
       1.0075826
       1.0078841
       1.0076951
       1.0074279
       1.0076014
       1.0077384
       1.0074842
       1.0075019
       1.0074151
       1.0073031
       1.0073642
       1.0074887
       1.0075685
       1.0076786
       1.0074436
       1.0073291
       1.0074000
       1.0074588
       1.0071457
       1.0074344
       1.0070639
       1.0073756
       1.0072042
       1.0071463
       1.0073495
       1.0074346
       1.0071463
       1.0072002
       1.0072764
       1.0073173
       1.0071852
       1.0074753
       1.0072490
       1.0072672
       1.0071424
       1.0072138
       1.0073459
       1.0073889
       1.0074880
       1.0071419
       1.0071722
       1.0072899
       1.0071029
       1.0076530
       1.0072826
       1.0072753
       1.0072136
       1.0073265
       1.0073000
       1.0071252
       1.0077327
       1.0072766
       1.0072866
       1.0072812
       1.0073179
       1.0077345
       1.0073283
       1.0073662
       1.0072525
       1.0073759
       1.0073434
       1.0074608
       1.0073730
       1.0072632
       1.0072775
       1.0071802
       1.0072304
       1.0070918
       1.0071666
       1.0069795
       1.0070466
       1.0069483
       1.0069122
       1.0069037
       1.0068445
       1.0068253
       1.0067003
       1.0067247
       1.0068067
       1.0065771
       1.0067382
       1.0066564
       1.0067534
       1.0067293
       1.0065650
       1.0066704
       1.0068359
       1.0069207
       1.0069174
       1.0066232
       1.0069270
       1.0070957
       1.0065082
       1.0068840
       1.0065972
       1.0067592
       1.0066252
       1.0067742
       1.0067111
       1.0071448
       1.0069804
       1.0063857
       1.0066886
       1.0071325
       1.0067605
       1.0067964
       1.0065314
       1.0067484
       1.0070135
       1.0067433
       1.0069252
       1.0067727
       1.0070267
       1.0071236
       1.0072118
       1.0070757
       1.0071821
       1.0070475
       1.0071204
       1.0072538
       1.0071182
       1.0070976
       1.0073392
       1.0072463
       1.0071959
       1.0073076
       1.0072032
       1.0074170
       1.0071388
       1.0074914
       1.0073968
       1.0076920
       1.0074740
       1.0075224
       1.0074484
       1.0076773
       1.0077596
       1.0074047
       1.0074904
       1.0075175
       1.0076260
       1.0077726
       1.0074034
       1.0073843
       1.0075856
       1.0075254
       1.0077332
       1.0078639
       1.0077249
       1.0078714
       1.0077235
       1.0076954
       1.0075526
       1.0075315
       1.0073785
       1.0073029
       1.0075045
       1.0073229
       1.0073056
       1.0074680
       1.0072637
       1.0076201
       1.0079783
       1.0076215
       1.0075211
       1.0075109
       1.0076261
       1.0075102
       1.0076801
       1.0074564
       1.0076060
       1.0074764
       1.0075217
       1.0072770
       1.0071935
       1.0074803
       1.0073313
       1.0076536
       1.0075524
       1.0075742
       1.0073788
       1.0074745
       1.0073559
       1.0073921
       1.0074882
       1.0072555
       1.0072693
       1.0075145
       1.0073068
       1.0073050
       1.0074007
       1.0074562
       1.0076037
       1.0075222
       1.0075769
       1.0073414
       1.0075214
       1.0077239
       1.0076775
       1.0076841
       1.0076172
       1.0078482
       1.0079007
       1.0077250
       1.0076850
       1.0076738
       1.0078421
       1.0078045
       1.0076662
       1.0077707
       1.0077063
       1.0082379
       1.0079738
       1.0080482
       1.0079214
       1.0080689
       1.0078057
       1.0079169
       1.0079033
       1.0082905
       1.0082513
       1.0080430
       1.0082230
       1.0079136
       1.0076358
       1.0080201
       1.0077020
       1.0080782
       1.0079813
       1.0077834
       1.0081860
       1.0078773
       1.0078222
       1.0074869
       1.0078595
       1.0076426
       1.0076183
       1.0078974
       1.0075277
       1.0076245
       1.0075970
       1.0077295
       1.0077966
       1.0073629
       1.0075949
       1.0076107
       1.0073353
       1.0072980
       1.0073935
       1.0072336
       1.0074656
       1.0073686
       1.0071989
       1.0074403
       1.0071643
       1.0072339
       1.0076327
       1.0077057
       1.0076312
       1.0076896
       1.0072943
       1.0072804
       1.0072370
       1.0071988
       1.0073372
       1.0074975
       1.0074292
       1.0071828
       1.0073094
       1.0072757
       1.0071432
       1.0071975
       1.0074009
       1.0075049
       1.0071771
       1.0071531
       1.0074170
       1.0069619
       1.0073258
       1.0073986
       1.0072345
       1.0073188
       1.0071201
       1.0074189
       1.0074630
       1.0072380
       1.0074146
       1.0071948
       1.0074891
       1.0075119
       1.0074395
       1.0074647
       1.0073176
       1.0076077
       1.0073479
       1.0073525
       1.0072514
       1.0074959
       1.0077160
       1.0073878
       1.0072724
       1.0072951
       1.0074346
       1.0073715
       1.0073502
       1.0073744
       1.0076693
       1.0077801
       1.0076008
       1.0074617
       1.0065883
       1.0037131
       1.0031555
       1.0027100
       1.0032259
       1.0029850
       1.0032177
       1.0049745
       1.0075870
       1.0073847
       1.0075527
       1.0077212
       1.0076218
       1.0077952
       1.0074117
       1.0074819
       1.0072809
       1.0076554
       1.0072848
       1.0074526
       1.0074356
       1.0072768
       1.0073045
       1.0070731
       1.0073188
       1.0073279
       1.0073460
       1.0074809
       1.0074887
       1.0073732
       1.0076026
       1.0074007
       1.0073817
       1.0072499
       1.0072509
       1.0074834
       1.0076235
       1.0073316
       1.0074552
       1.0075168
       1.0072669
       1.0075655
       1.0073083
       1.0077196
       1.0075972
       1.0075806
       1.0078824
       1.0075795
       1.0073883
       1.0075576
       1.0078469
       1.0076556
       1.0077662
       1.0075742
       1.0075551
       1.0077321
       1.0078510
       1.0079601
       1.0081053
       1.0074884
       1.0077972
       1.0077064
       1.0078108
       1.0081542
       1.0082233
       1.0079291
       1.0079755
       1.0080317
       1.0081313
       1.0082328
       1.0081117
       1.0081985
       1.0079677
       1.0078164
       1.0081071
       1.0082020
       1.0082148
       1.0083181
       1.0080001
       1.0079697
       1.0079538
       1.0080538
       1.0082356
       1.0081542
       1.0080916
       1.0084053
       1.0083473
       1.0079825
       1.0082239
       1.0073068
       1.0082475
       1.0084077
       1.0083989
       1.0083713
       1.0084150
       1.0083982
       1.0083604
       1.0087253
       1.0084447
       1.0085896
       1.0085894
       1.0088268
       1.0082917
       1.0087705
       1.0086005
       1.0084754
       1.0085522
       1.0087456
       1.0086367
       1.0087389
       1.0088245
       1.0088207
       1.0086622
       1.0085736
       1.0086904
       1.0087474
       1.0088538
       1.0087733
       1.0087577
       1.0088789
       1.0089288
       1.0087886
       1.0089453
       1.0088256
       1.0088423
       1.0089945
       1.0090674
       1.0090212
       1.0088103
       1.0088597
       1.0086789
       1.0087661
       1.0089019
       1.0088780
       1.0089760
       1.0087026
       1.0091764
       1.0088397
       1.0087232
       1.0087276
       1.0089051
       1.0088442
       1.0087929
       1.0089859
       1.0086559
       1.0086937
       1.0086668
       1.0087643
       1.0085620
       1.0086780
       1.0087976
       1.0088070
       1.0086152
       1.0087001
       1.0088134
       1.0085104
       1.0085614
       1.0085743
       1.0084289
       1.0086526
       1.0088996
       1.0086604
       1.0086141
       1.0084838
       1.0083184
       1.0085247
       1.0087620
       1.0085601
       1.0087982
       1.0087167
       1.0084912
       1.0087022
       1.0083171
       1.0085881
       1.0085571
       1.0084874
       1.0083896
       1.0084134
       1.0084302
       1.0083979
       1.0084219
       1.0082721
       1.0084159
       1.0085940
       1.0081414
       1.0084200
       1.0086562
       1.0084592
       1.0085531
       1.0082908
       1.0085510
       1.0081365
       1.0080165
       1.0083063
       1.0084364
       1.0082941
       1.0084488
       1.0082569
       1.0083348
       1.0085105
       1.0082526
       1.0082912
       1.0083438
       1.0082517
       1.0088647
       1.0083512
       1.0083253
       1.0082148
       1.0081213
       1.0082217
       1.0083480
       1.0083365
       1.0082576
       1.0082657
       1.0085475
       1.0087634
       1.0083616
       1.0083818
       1.0085807
       1.0084045
       1.0082863
       1.0085694
       1.0083844
       1.0083834
       1.0085057
       1.0087269
       1.0083369
       1.0085198
       1.0084209
       1.0082812
       1.0084945
       1.0082191
       1.0079069
       1.0082315
       1.0081313
       1.0083285
       1.0082542
       1.0080824
       1.0084109
       1.0082965
       1.0081746
       1.0082258
       1.0082273
       1.0079812
       1.0080918
       1.0077896
       1.0078296
       1.0081334
       1.0077756
       1.0080016
       1.0082130
       1.0076819
       1.0082715
       1.0078486
       1.0079930
       1.0078671
       1.0080030
       1.0077867
       1.0079986
       1.0077381
       1.0078872
       1.0079684
       1.0079899
       1.0080803
       1.0082266
       1.0078944
       1.0082427
       1.0080175
       1.0082118
       1.0084404
       1.0082747
       1.0083161
       1.0085264
       1.0084980
       1.0084318
       1.0085997
       1.0083450
       1.0083484
       1.0086575
       1.0085419
       1.0086978
       1.0086102
       1.0083435
       1.0088593
       1.0086779
       1.0085133
       1.0087081
       1.0085755
       1.0087217
       1.0086972
       1.0086875
       1.0086907
       1.0086454
       1.0088472
       1.0087145
       1.0089319
       1.0085171
       1.0087416
       1.0086910
       1.0084363
       1.0084921
       1.0083734
       1.0082614
       1.0085682
       1.0088776
       1.0086498
       1.0084518
       1.0086230
       1.0083440
       1.0081906
       1.0082860
       1.0086502
       1.0083783
       1.0083163
       1.0083401
       1.0088528
       1.0084349
       1.0084286
       1.0082056
       1.0081500
       1.0081889
       1.0082288
       1.0086190
       1.0085467
       1.0083915
       1.0082824
       1.0085795
       1.0082579
       1.0085133
       1.0087543
       1.0084432
       1.0087432
       1.0088890
       1.0086045
       1.0087450
       1.0090487
       1.0088360
       1.0086401
       1.0088344
       1.0086544
       1.0089041
       1.0088607
       1.0091468
       1.0087032
       1.0090539
       1.0089120
       1.0090262
       1.0089861
       1.0087710
       1.0087487
       1.0088081
       1.0086679
       1.0088640
       1.0087653
       1.0089779
       1.0088532
       1.0089074
       1.0090531
       1.0087679
       1.0089844
       1.0089792
       1.0090829
       1.0089529
       1.0091539
       1.0090288
       1.0089963
       1.0092153
       1.0090454
       1.0090257
       1.0090586
       1.0089606
       1.0089635
       1.0092026
       1.0089866
       1.0088925
       1.0091719
       1.0089067
       1.0089770
       1.0091028
       1.0092197
       1.0090924
       1.0090656
       1.0091868
       1.0090664
       1.0088727
       1.0091782
       1.0090318
       1.0088824
       1.0088554
       1.0089518
       1.0088932
       1.0089769
       1.0087856
       1.0088229
       1.0091109
       1.0088367
       1.0087776
       1.0090400
       1.0091461
       1.0092250
       1.0089011
       1.0087883
       1.0093848
       1.0090387
       1.0093442
       1.0090987
       1.0090199
       1.0089328
       1.0088118
       1.0088277
       1.0092872
       1.0090136
       1.0087772
       1.0090299
       1.0089885
       1.0088768
       1.0088606
       1.0091459
       1.0092441
       1.0090857
       1.0088690
       1.0091939
       1.0091715
       1.0089095
       1.0092063
       1.0093538
       1.0090045
       1.0091430
       1.0090052
       1.0091929
       1.0090658
       1.0089598
       1.0089834
       1.0089835
       1.0089708
       1.0089575
       1.0089636
       1.0089167
       1.0089673
       1.0089227
       1.0090526
       1.0092187
       1.0092511
       1.0094312
       1.0091895
       1.0088130
       1.0090428
       1.0090467
       1.0089959
       1.0090128
       1.0090641
       1.0089664
       1.0091119
       1.0090246
       1.0089069
       1.0091542
       1.0089606
       1.0090369
       1.0093077
       1.0089886
       1.0090310
       1.0093447
       1.0091092
       1.0089254
       1.0088588
       1.0087463
       1.0087045
       1.0090190
       1.0087782
       1.0088708
       1.0088805
       1.0089059
       1.0085827
       1.0090888
       1.0087710
       1.0087357
       1.0088799
       1.0087930
       1.0086723
       1.0088334
       1.0086895
       1.0086979
       1.0088341
       1.0088305
       1.0087019
       1.0089209
       1.0089085
       1.0088787
       1.0089557
       1.0089200
       1.0087645
       1.0088613
       1.0091716
       1.0090008
       1.0090723
       1.0091989
       1.0087297
       1.0091365
       1.0089077
       1.0090999
       1.0092965
       1.0089620
       1.0088859
       1.0089594
       1.0088264
       1.0090369
       1.0090854
       1.0091118
       1.0088911
       1.0090277
       1.0088364
       1.0089926
       1.0090559
       1.0085968
       1.0091476
       1.0089445
       1.0088056
       1.0088981
       1.0088472
       1.0086237
       1.0086114
       1.0086814
       1.0088414
       1.0089749
       1.0089580
       1.0088779
       1.0088848
       1.0088638
       1.0087902
       1.0085950
       1.0086907
       1.0090713
       1.0086672
       1.0088746
       1.0089469
       1.0088798
       1.0089482
       1.0089154
       1.0089556
       1.0087432
       1.0091234
       1.0088940
       1.0089684
       1.0093641
       1.0088828
       1.0092946
       1.0092743
       1.0091903
       1.0089759
       1.0092355
       1.0089723
       1.0090577
       1.0091329
       1.0091995
       1.0089777
       1.0090751
       1.0093008
       1.0091185
       1.0092874
       1.0089560
       1.0090772
       1.0091891
       1.0089949
       1.0089424
       1.0090118
       1.0089471
       1.0089879
       1.0091700
       1.0090927
       1.0090041
       1.0091957
       1.0091456
       1.0092209
       1.0092770
       1.0089271
       1.0089365
       1.0091634
       1.0090481
       1.0090901
       1.0092188
       1.0090491
       1.0091519
       1.0093025
       1.0096136
       1.0093175
       1.0091766
       1.0093523
       1.0091951
       1.0093121
       1.0091211
       1.0091581
       1.0091201
       1.0092046
       1.0090987
       1.0086102
       1.0090229
       1.0088191
       1.0089517
       1.0089399
       1.0089222
       1.0089354
       1.0089022
       1.0093000
       1.0090197
       1.0091078
       1.0089144
       1.0086432
       1.0090113
       1.0086915
       1.0088185
       1.0087960
       1.0088190
       1.0086612
       1.0086895
       1.0083718
       1.0084642
       1.0084433
       1.0084474
       1.0086068
       1.0086319
       1.0083714
       1.0084835
       1.0086027
       1.0086422
       1.0086170
       1.0084273
       1.0086820
       1.0086099
       1.0085452
       1.0094675
